EN   47     40     44.3   38.8      
ER   39     40.9   37.5   37.5      
CH   26     24.2   28     27.5      
DE   25.4   22.7   23.3   20.0          
ND   23.6   18.7   20.8   19.9       
IE   18.2   16.3   18.8   17.9      
EI   18     19.3   24.2   18.8      
TE   17.6   18.5   17.8   22.6      
IN   16.8   16.8   19.7   16.7          
GE   15.6   14.7   19.6                   
UN   15.2   11.9   13.9                   
ES   14.6   14.0   16.8   15.2            
HE   12.8   10.2   12.4                   
RE   12     11.2   12.4                   
DI   12      9.3                    
NE   11.6   12.2   14.3 
NG   11.4    9.4       
ST   11.4   11.6   11.8
SC   11      8.9 
IS   10.6    7.9 
BE    9.6   10.1   10.4   
AN    9.6   10.2    8.2 
SE    9.2    9.9 
IT    8.8    7.8 
SS    8      7.6 
TI    8      5.9
IC    7.8    7.6
NA    7.8    6.8 
LI    7.4    6.1   
UE    7.4    7.8        